2004  1  1    5    3    2    3    3    5   10   15    7
2004  1  2    4    2    2    3    3    5   10   16    9
2004  1  3    4    2    2    3    3    3   13   16    9
2004  1  4    5    3    2    2    2    3   15   15   13
2004  1  5   15    8    2    3    1    3    1   14   13
2004  1  6   10    5    1    2    1    3    2   14   13
2004  1  7    4    2    1    2    1    3    2   15  999
2004  1  8    4    2    1    2    3    3    2   16  999
2004  1  9    5    2    2    2    3    5   11   16  999
2004  1 10   27   15    2    2    6    4   11   15  999
2004  1 11   12    8    2    2    3    4   11   15  999
2004  1 12    5    4    3    3    2    4   13   15   10
2004  1 13   18   12    4    4    3    4   11   14   13
2004  1 14   10   10    6    6    2    7   11   13   11
2004  1 15   18   12    5    6    3    3   14   14   13
2004  1 16   18   10    4    5    3    2   17   14   13
2004  1 17    8    5    3    4    3    2   17   14   13
2004  1 18    9    6    2    3    3    3    9   14   13
2004  1 19   12    8    2    3    1    3   10   14   13
2004  1 20   12    8    3    4    1    3   11   14   13
2004  1 21   12    8    2    3    2    3    1   15  999
2004  1 22   18   10    2    2    2    3    7   15  999
2004  1 23    7    4    1    2    2    3   10   15  999
2004  1 24   15    8    1    2    2    3    7   15  999
2004  1 25    9    5    1    2    2    3    3   15  999
2004  1 26    4    2    1    2    2    4    5   16  999
2004  1 27    8    4    1    2    2    4    5   14  999
2004  1 28    8    4    1    2    2    5    4   15  999
2004  1 29    5    2    1    2    4    6    4   15  999
2004  1 30    4    2    1    2    5    5    4   15  999
2004  1 31    4    2    1    2    5    4    4   15  999
2004  2  1    7    4    1    2    4    4    4   15  999
2004  2  2    4    2    1    2    5    5    4   15  999
2004  2  3    3    1    1    2    4    3    3   15  999
2004  2  4    9    5    1    2    3    2   17   15  999
2004  2  5    8    5    1    2    3    5    3   15  999
2004  2  6    6    3    1    2    4    5    4   15  999
2004  2  7    3    2    1    2    3    4    5   15  999
2004  2  8    4    2    1    2    2    2   17   15  999
2004  2  9    6    4    1    2    2    2   17   15  999
2004  2 10   10    8    2    3    2    2   17   15  999
2004  2 11   14    8    3    3    2    3   11   15  999
2004  2 12   14    8    3    3    2    2   17   15  999
2004  2 13   14    8    2    3    2    2   17   15  999
2004  2 14   10    6    2    2    2    4   11   15  999
2004  2 15    5    3    2    2    2    4   15   16  999
2004  2 16    4    2    2    2    2    5    2   16  999
2004  2 17    7    4    2    2    2    3    5   16  999
2004  2 18    5    3    2    2    2    4    7   16  999
2004  2 19   15   10    2    2    2    3    5   14  999
2004  2 20   14    8    2    2    2    4    5   15  999
2004  2 21   13    7    2    2    2    4    5   15  999
2004  2 22   12    6    2    2    2    4    5   15  999
2004  2 23    9    5    2    2    2    4    5   14  999
2004  2 24    5    3    2    2    2    4    5   14  999
2004  2 25    5    3    2    2    3    4    5   16  999
2004  2 26    4    2    2    2    3    4    7   16   11
2004  2 27   15   10    5    5    2    8   10   15   10
2004  2 28   22   12    4    4    4    4   13   15   10
2004  2 29   12    8    4    4    5    5    7   16   10
2004  3  1    5    3    3    3    3    4    9   16   10
2004  3  2   18   10    3    4    6    6    1   15    9
2004  3  3   12    7    2    3    6    4    1   15    9
2004  3  4    7    4    2    2    4    4    3   15  999
2004  3  5    5    3    2    2    3    4    4   16  999
2004  3  6    4    3    1    2    3    4    4   16  999
2004  3  7    3    2    1    2    3    4    4   16  999
2004  3  8    4    1    1    1    4    5    1   16  999
2004  3  9    8    2    1    1    5    5    1    1  999
2004  3 10    8    2    1    1    6    2   17    2  999
2004  3 11    9    5    1    1    4    4    5   15  999
2004  3 12   12    6    1    1    2    2   17   15  999
2004  3 13    7    4    1    1    3    5    1   15  999
2004  3 14    6    4    1    1    4    6    1   16  999
2004  3 15    6    2    1    1    6    4    2    1  999
2004  3 16    6    2    1    1    6    4    2    2  999
2004  3 17    4    1    1    1    4    3    2    2  999
2004  3 18    4    1    2    2    4    3    2    2  999
2004  3 19    5    2    2    2    4    3   16   16  999
2004  3 20    8    4    2    2    8    4    1    1  999
2004  3 21    7    3    3    4    7    6    2    2  999
2004  3 22   10    5    3    4    9    6    3    1  999
2004  3 23    7    4    2    3    4    5    3    1  999
2004  3 24   12    6    1    2    8    5    3    1  999
2004  3 25    6    3    1    2    6    4    4    1  999
2004  3 26    5    2    2    2    4    5    4    1  999
2004  3 27    4    2    1    1    3    3    5    1  999
2004  3 28    2    1    1    1    3    5    2    1  999
2004  3 29    4    2    2    2    3    5    3   16  999
2004  3 30    4    2    2    2    3    5    4   16  999
2004  3 31    7    3    1    2    3    4    5   14  999
2004  4  1    7    3    1    2    2    3    5   14  999
2004  4  2    8    5    2    2    3    5    2   15  999
2004  4  3    8    4    2    2    3    5    3   16  999
2004  4  4    5    2    2    2    3    4    4   16  999
2004  4  5    4    2    2    2    3    3    5   15  999
2004  4  6   12    7    3    3    5    3    5   16    9
2004  4  7   15    8    3    3    6    3    7   16    9
2004  4  8    8    5    3    3    3    2   17   16    9
2004  4  9    5    3    3    3    4    5    2   16    9
2004  4 10    4    2    3    3    3    5    3   16   11
2004  4 11    3    2    3    3    4    5    3   16   11
2004  4 12    3    2    3    3    4    5    4    2   10
2004  4 13    4    2    2    2    4    5    5   15  999
2004  4 14    4    2    2    2    4    4    5   15  999
2004  4 15    4    2    2    2    3    4    5   16  999
2004  4 16    3    2    2    2    5    6    4   16  999
2004  4 17    3    2    2    4    6    7    4   15  999
2004  4 18    3    2    3    4    5    5    4   16   10
2004  4 19    4    3    3    4    5    5    4  999   10
2004  4 20    4    3    3    3    4    5    4   15   10
2004  4 21    3    3    3    3    3    3    5   15   10
2004  4 22    3    3    4    4    2    3    5   16   10
2004  4 23    3    3    4    4    1    3    5   16    9
2004  4 24    5    5    5    5    3    3    5   16    9
2004  4 25    2    8    6    6    2    3    5   16    9
2004  4 26    6    8    8    8    4    5    1   16    9
2004  4 27    5    6    5    6    4    4    2   16    9
2004  4 28    4    4    4    4    4    3    2    1    9
2004  4 29    6    2    2    2    4    2   17    1  999
2004  4 30    4    2    2    2    3    2   17    1  999
2004  5  1    8    4    2    2    6    3    5   16  999
2004  5  2    6    3    2    2    5    4    5   16  999
2004  5  3    5    2    3    4    3    5    4   16    7
2004  5  4    5    2    3    4    4    6    4   16    7
2004  5  5    2    1    2    3    4    5    4   16    7
2004  5  6    6    3    1    3    4    4    5   14  999
2004  5  7    5    3    3    3    3    2   17   14    9
2004  5  8    4    3    3    3    2    2   17   14    9
2004  5  9    2    3    3    3    2    2   17  999    8
2004  5 10    6    3    3    3    4    3    2   16    8
2004  5 11    6    3    2    3    4    4    4   16    8
2004  5 12    4    2    3    3    3    4    4    1    7
2004  5 13    2    2    3    3    2    3    5    1    7
2004  5 14    1    2    2    2    1    4    9  999    7
2004  5 15    1    2    2    2    1    3    9  999  999
2004  5 16    2    2    2    2    2    4    1   16  999
2004  5 17    3    2    2    3    2    3    1    1   10
2004  5 18    2    3    4    5    2    2   17    1    9
2004  5 19    4    3    4    5    2    2   17   15    9
2004  5 20    2    3    4    4    1    3    7   15    9
2004  5 21    1    3    4    4    1    3    5  999   10
2004  5 22    1    3    3    4    2    4    5  999   10
2004  5 23    2    2    2    3    3    4    5   15   10
2004  5 24    3    2    2    2    3    5    5   15  999
2004  5 25    4    2    2    2    3    5    4   15  999
2004  5 26    2    1    1    2    3    5    4  999  999
2004  5 27    2    1    1    2    3    5    4  999  999
2004  5 28    2    1    1    2    3    5    5  999  999
2004  5 29    2    1    2    2    3    4    5  999  999
2004  5 31    2    1    2    2    2    4    5  999  999
2004  6  1    1    1    3    4    2    4    5  999    9
2004  6  2    1    3    3    4    1    3    4  999    9
2004  6  3    1    2    2    3    1    4    4  999    9
2004  6  4    4    2    2    3    2    5    4   16    9
2004  6  5    4    2    2    2    3    5    4   16  999
2004  6  6    3    2    2    2    3    5    5   16  999
2004  6  7    2    3    3    4    4    5    5  999   11
2004  6  8    1    4    4    4    4    5    4  999   10
2004  6  9    1    3    4    4    4    5    4  999   10
2004  6 10    1    2    3    4    3    5    4  999    9
2004  6 11    1    1    2    2    3    4    5  999  999
2004  6 12    1    1    1    2    3    5    4  999  999
2004  6 13    1    2    2    3    3    5    3  999   11
2004  6 14    1    3    3    4    3    4    4  999   10
2004  6 15    1    2    3    3    2    3    5  999    9
2004  6 16    1    2    2    2    2    3    5  999  999
2004  6 17    4    2    2    2    2    3    3   15  999
2004  6 18    4    2    2    2    4    4    3   16  999
2004  6 19    3    2    2    2    4    5    3    1  999
2004  6 20    3    2    3    3    4    5    4    1    9
2004  6 21    1    3    3    4    4    5    4  999    9
2004  6 22    1    2    2    3    4    5    4  999    9
2004  6 23    2    1    2    3    4    5    4   13  999
2004  6 24    3    2    3    3    3    5    4   13    9
2004  6 25    2    2    3    3    3    4    5   13    9
2004  6 26    1    3    3    3    3    4    5  999    9
2004  6 27    2    3    3    3    3    4    5    2    9
2004  6 28    1    2    2    3    3    4    5  999   11
2004  6 29    1    2    2    3    3    5    4  999   11
2004  6 30    1    3    3    3    3    5    4  999   10
2004  7  1    1    2    3    3    2    4    4  999   10
2004  7  2    1    2    2    3    3    5    4  999  999
2004  7  3    1    3    3    4    3    5    4  999   10
2004  7  4    2    3    3    4    3    4    4  999   10
2004  7  5    3    2    3    3    3    4    4   13    9
2004  7  6    4    3    3    3    2    3    5   13   11
2004  7  7    4    4    5    5    2    3    5   13   11
2004  7  8    3    3    4    4    2    3    5   13   10
2004  7  9    2    2    2    2    2    4    5   14    8
2004  7 10    1    1    1    2    2    4    5  999  999
2004  7 11    1    1    1    2    3    5    5  999  999
2004  7 12    1    1    1    2    3    5    5  999  999
2004  7 13    1    4    3    4    4    5    4  999    8
2004  7 14    1    4    4    5    4    5    3  999    8
2004  7 15    1    2    3    3    3    4    3  999    8
2004  7 16    1    8    8    8    4    5    4  999   10
2004  7 17    1    6    6    6    4    5    4  999   10
2004  7 18    1    4    4    5    3    3    4  999   10
2004  7 19    2    3    3    4    3    4    4    2   10
2004  7 20    2    3    4    4    3    4    4    2   10
2004  7 21    2    2    3    4    3    4    4    2    9
2004  7 22    1    2    3    4    3    4    4  999    9
2004  7 23    1    2    3    3    3    4    4  999    9
2004  7 24    1    2    2    3    3    4    4  999    9
2004  7 25    1    2    2    3    3    4    4  999   11
2004  7 26    1    2    2    3    3    4    4  999   10
2004  7 27    1    2    2    2    3    4    4  999  999
2004  7 28    1    1    1    2    3    4    4  999  999
2004  7 29    1    1    1    2    3    4    4  999  999
2004  7 30    1    1    2    2    3    4    4  999  999
2004  7 31    1    2    3    3    3    4    5  999    9
2004  8  1    1    3    3    3    3    5    5  999    9
2004  8  2    1    2    2    3    4    5    4  999  999
2004  8  3    3    1    2    4    7    6    3    4  999
2004  8  4    2    1    1    3    4    4    6    4  999
2004  8  5    1    1    1    3    3    4    5    4  999
2004  8  6    1    1    1    2    2    4    4  999  999
2004  8  7    2    1    1    2    3    4    4    5  999
2004  8  8    1    1    1    2    2    3    5  999  999
2004  8  9    1    2    2    3    2    4    5  999   10
2004  8 10    3    3    3    4    3    5    5    1   10
2004  8 11    2    2    3    3    3    5    5    1    9
2004  8 12    1    2    2    3    3    5    5  999    9
2004  8 13    1    1    2    2    3    5    5  999  999
2004  8 14    1    1    2    2    3    5    5  999  999
2004  8 15    1    1    2    2    3    5    5  999  999
2004  8 16    3    2    2    2    3    4    5   14  999
2004  8 17    2    1    2    2    2    2   17   14    8
2004  8 18    2    1    2    2    2    2   17   16    8
2004  8 19    3    2    3    3    2    4    5   15   10
2004  8 20    2    2    3    3    2    4    5    1   10
2004  8 21    2    2    2    2    2    4    5  999  999
2004  8 22    8    4    3    3    3    5    4   15   10
2004  8 23    6    4    4    4    3    4    4   15   10
2004  8 24    5    3    3    3    3    5    4   15   10
2004  8 25    5    3    3    3    3    5    4   15   10
2004  8 26    4    2    3    3    2    4    4   15   10
2004  8 27    3    1    2    3    2    4    4   15   10
2004  8 28    2    1    2    2    2    3    4  999  999
2004  8 29    1    1    2    2    2    3    4  999  999
2004  8 30    1    1    2    2    1    3    4  999  999
2004  8 31    1    1    2    2    1    3    4  999  999
2004  9  1    3    2    3    4    1    3    4   13   10
2004  9  2    4    2    3    4    3    3    4    2   10
2004  9  3    3    2    3    3    3    3    6    2   10
2004  9  4    2    2    3    3    2    4    3    2    9
2004  9  5    2    2    3    4    2    3    2    3    9
2004  9  6    2    2    3    4    2    2   17    3    9
2004  9  7    2    2    3    4    2    2   17  999    9
2004  9  8    1    2    3    4    2    4    5  999    9
2004  9  9    1    2    3    3    2    4    5  999    9
2004  9 10    1    1    2    3    2    4    4  999  999
2004  9 11    1    1    1    2    2    4    4  999  999
2004  9 12    1    1    2    2    2    4    4  999  999
2004  9 13    3    5    5    5    3    4    4   15    9
2004  9 14    4    5    5    5    3    4    3   15    9
2004  9 15    3    5    5    5    3    4    5   15    9
2004  9 16    1    4    4    4    3    4    5  999    9
2004  9 17    1    3    3    3    3    4    5  999    9
2004  9 18    1    1    1    3    4    5    4  999  999
2004  9 19    1    1    3    4    4    5    4  999    8
2004  9 20    2    1    2    4    3    4    4  999    8
2004  9 21    2    1    2    3    3    4    4  999    8
2004  9 22    2    1    2    2    2    4    4   16  999
2004  9 23    2    1    2    2    2    4    4   16  999
2004  9 24    1    2    3    4    2    4    4  999   11
2004  9 25    1    2    3    4    2    4    4  999   11
2004  9 26    3    5    5    6    3    4    4   16   10
2004  9 27    3    5    5    6    3    4    4   16   10
2004  9 28    3    5    5    6    3    4    4   16   10
2004  9 29    6    5    5    5    5    4    4   16   10
2004  9 30    4    4    4    5    4    4    4   16   10
